1 0.796296 0.550000 0.133903 0.131250
1 0.602564 0.682813 0.116809 0.146875
1 0.725071 0.706250 0.082621 0.087500
1 0.841880 0.675000 0.116809 0.100000
1 0.474359 0.668750 0.128205 0.125000
1 0.403134 0.596875 0.133903 0.093750
1 0.250712 0.643750 0.119658 0.081250
1 0.474359 0.390625 0.111111 0.218750
1 0.282051 0.317188 0.273504 0.103125
1 0.226496 0.401562 0.225071 0.096875
1 0.631054 0.332813 0.116809 0.196875
1 0.739316 0.390625 0.094017 0.175000
1 0.861823 0.400000 0.082621 0.118750
1 0.915954 0.545312 0.059829 0.103125
1 0.314815 0.703125 0.082621 0.056250
1 0.329060 0.507812 0.122507 0.084375
1 0.146724 0.504687 0.179487 0.090625
1 0.532764 0.515625 0.062678 0.156250
