1 0.856863 0.340625 0.215686 0.181250
1 0.605882 0.335938 0.215686 0.165625
1 0.603922 0.596875 0.235294 0.193750
1 0.356863 0.596875 0.211765 0.175000
1 0.119608 0.604688 0.223529 0.184375
1 0.123529 0.848437 0.215686 0.178125
1 0.362745 0.845313 0.215686 0.171875
1 0.603922 0.854688 0.203922 0.178125
1 0.858824 0.856250 0.203922 0.187500
1 0.854902 0.595313 0.196078 0.159375
1 0.364706 0.348438 0.203922 0.165625
1 0.125490 0.342187 0.203922 0.159375
1 0.131373 0.117188 0.231373 0.190625
1 0.364706 0.114062 0.203922 0.171875
1 0.605882 0.104688 0.231373 0.184375
1 0.841176 0.110937 0.223529 0.178125
