1 0.372365 0.879687 0.313817 0.221875
1 0.851288 0.703125 0.283372 0.262500
1 0.607728 0.551562 0.114754 0.353125
1 0.724824 0.310937 0.128806 0.309375
1 0.563232 0.251563 0.110070 0.234375
1 0.430913 0.270313 0.117096 0.240625
1 0.276347 0.400000 0.135831 0.331250
1 0.148712 0.570312 0.152225 0.321875
1 0.378220 0.668750 0.278689 0.225000
1 0.462529 0.562500 0.194379 0.312500
1 0.737705 0.587500 0.192037 0.300000
1 0.629977 0.157812 0.117096 0.290625
1 0.319672 0.171875 0.105386 0.300000
1 0.194379 0.268750 0.131148 0.293750
