1 0.095679 0.828125 0.185185 0.206250
1 0.358025 0.818750 0.234568 0.193750
1 0.625000 0.817187 0.231481 0.203125
1 0.881173 0.803125 0.200617 0.187500
1 0.887346 0.596875 0.206790 0.206250
1 0.641975 0.593750 0.191358 0.175000
1 0.359568 0.601562 0.200617 0.184375
1 0.097222 0.596875 0.188272 0.187500
1 0.095679 0.392188 0.185185 0.196875
1 0.365741 0.389062 0.194444 0.190625
1 0.634259 0.385937 0.194444 0.196875
1 0.879630 0.385937 0.209877 0.184375
1 0.879630 0.182812 0.203704 0.203125
1 0.634259 0.175000 0.200617 0.193750
1 0.356481 0.165625 0.212963 0.218750
1 0.097222 0.176563 0.188272 0.209375
