0 0.702083 0.867273 0.112500 0.265455
0 0.542708 0.869091 0.093750 0.174545
0 0.394792 0.801818 0.081250 0.105455
0 0.266667 0.918182 0.070833 0.163636
0 0.096875 0.698182 0.052083 0.087273
0 0.153125 0.698182 0.056250 0.072727
0 0.188542 0.603636 0.068750 0.094545
0 0.311458 0.380000 0.047917 0.069091
0 0.872917 0.634545 0.095833 0.127273
0 0.925000 0.812727 0.108333 0.178182
0 0.971875 0.734545 0.056250 0.094545
0 0.977083 0.607273 0.045833 0.160000
0 0.516667 0.627273 0.062500 0.098182
0 0.572917 0.632727 0.050000 0.080000
0 0.292708 0.780000 0.089583 0.120000
0 0.104167 0.852727 0.087500 0.178182
0 0.109375 0.627273 0.056250 0.054545
0 0.060417 0.547273 0.091667 0.120000
