0 0.541841 0.437500 0.338912 0.225000
0 0.864017 0.473438 0.271967 0.271875
0 0.719665 0.685937 0.426778 0.284375
0 0.311715 0.653125 0.389121 0.250000
0 0.188285 0.431250 0.343096 0.212500
0 0.129707 0.248438 0.251046 0.215625
0 0.284519 0.085938 0.284519 0.140625
0 0.575314 0.096875 0.288703 0.168750
0 0.870293 0.106250 0.259414 0.187500
0 0.504184 0.893750 0.456067 0.212500
0 0.870293 0.898438 0.259414 0.203125
0 0.135983 0.876563 0.263598 0.246875
0 0.401674 0.246875 0.301255 0.200000
0 0.748954 0.264062 0.343096 0.221875
