0 0.363208 0.546875 0.150943 0.181250
0 0.615566 0.568750 0.141509 0.187500
0 0.887972 0.570312 0.148585 0.190625
0 0.107311 0.551562 0.139151 0.190625
0 0.087264 0.829688 0.160377 0.203125
0 0.362028 0.823438 0.139151 0.209375
0 0.633255 0.832812 0.158019 0.209375
0 0.911557 0.857812 0.148585 0.209375
0 0.879717 0.335938 0.132075 0.171875
0 0.652123 0.318750 0.158019 0.187500
0 0.382075 0.306250 0.136792 0.175000
0 0.109670 0.300000 0.134434 0.175000
0 0.140330 0.085938 0.125000 0.165625
0 0.400943 0.089063 0.117925 0.159375
0 0.628538 0.104688 0.125000 0.165625
0 0.862028 0.115625 0.134434 0.162500
