0 0.481250 0.557803 0.175000 0.583815
0 0.110417 0.638728 0.133333 0.398844
0 0.201042 0.693642 0.114583 0.358382
0 0.366667 0.517341 0.216667 0.722543
0 0.597917 0.644509 0.133333 0.421965
0 0.715625 0.627168 0.135417 0.456647
0 0.803125 0.710983 0.089583 0.346821
0 0.880208 0.459538 0.077083 0.202312
0 0.845833 0.239884 0.079167 0.271676
0 0.756250 0.216763 0.079167 0.213873
0 0.633333 0.239884 0.100000 0.375723
0 0.113542 0.309249 0.085417 0.202312
0 0.220833 0.239884 0.116667 0.341040
0 0.325000 0.277457 0.104167 0.254335
0 0.534375 0.158960 0.052083 0.190751
