0 0.864062 0.337500 0.253125 0.181250
0 0.706250 0.664062 0.212500 0.228125
0 0.356250 0.779687 0.206250 0.259375
0 0.145313 0.537500 0.159375 0.250000
0 0.123438 0.435937 0.196875 0.246875
0 0.196875 0.250000 0.256250 0.175000
0 0.360938 0.243750 0.234375 0.187500
0 0.596875 0.193750 0.262500 0.162500
0 0.495312 0.353125 0.159375 0.243750
0 0.375000 0.457813 0.150000 0.246875
0 0.284375 0.482812 0.143750 0.253125
0 0.467187 0.617188 0.253125 0.171875
0 0.614062 0.410938 0.165625 0.234375
0 0.729688 0.448437 0.184375 0.246875
