0 0.157292 0.344828 0.097917 0.219436
0 0.852083 0.567398 0.145833 0.181818
0 0.685417 0.789969 0.187500 0.238245
0 0.630208 0.553292 0.147917 0.153605
0 0.526042 0.495298 0.097917 0.219436
0 0.459375 0.423197 0.139583 0.144201
0 0.213542 0.493730 0.127083 0.191223
0 0.255208 0.250784 0.122917 0.150470
0 0.358333 0.183386 0.104167 0.184953
0 0.364583 0.268025 0.116667 0.147335
0 0.500000 0.228840 0.104167 0.156740
0 0.556250 0.286834 0.062500 0.147335
0 0.638542 0.264890 0.097917 0.178683
0 0.689583 0.352665 0.154167 0.109718
0 0.789583 0.437304 0.154167 0.097179
