0 0.603125 0.104396 0.206250 0.175824
0 0.606250 0.307692 0.208333 0.142857
0 0.601042 0.530220 0.206250 0.236264
0 0.866667 0.329670 0.200000 0.252747
0 0.881250 0.107143 0.229167 0.126374
0 0.861458 0.563187 0.181250 0.170330
0 0.837500 0.824176 0.129167 0.175824
0 0.608333 0.807692 0.212500 0.252747
0 0.084375 0.381868 0.106250 0.159341
0 0.080208 0.151099 0.110417 0.214286
0 0.255208 0.107143 0.164583 0.170330
0 0.255208 0.329670 0.156250 0.208791
0 0.255208 0.571429 0.172917 0.197802
0 0.257292 0.780220 0.147917 0.120879
