0 0.457813 0.551562 0.153125 0.271875
0 0.606250 0.553125 0.150000 0.268750
0 0.760938 0.557813 0.140625 0.265625
0 0.914062 0.573438 0.146875 0.234375
0 0.914062 0.189062 0.109375 0.359375
0 0.790625 0.203125 0.137500 0.325000
0 0.656250 0.226562 0.131250 0.271875
0 0.526563 0.212500 0.115625 0.306250
0 0.398438 0.214062 0.115625 0.309375
0 0.284375 0.200000 0.100000 0.331250
0 0.184375 0.192188 0.075000 0.340625
0 0.068750 0.181250 0.131250 0.356250
0 0.293750 0.568750 0.112500 0.256250
0 0.187500 0.565625 0.093750 0.243750
0 0.073438 0.557813 0.128125 0.253125
