0 0.072545 0.254688 0.140625 0.503125
0 0.187500 0.278125 0.071429 0.437500
0 0.286830 0.276562 0.100446 0.428125
0 0.404018 0.309375 0.107143 0.375000
0 0.530134 0.306250 0.118304 0.381250
0 0.661830 0.310937 0.127232 0.359375
0 0.786830 0.295312 0.113839 0.415625
0 0.920759 0.273438 0.095982 0.446875
0 0.915179 0.807813 0.147321 0.296875
0 0.763393 0.801562 0.147321 0.321875
0 0.614955 0.782813 0.136161 0.365625
0 0.459821 0.779687 0.160714 0.371875
0 0.310268 0.779687 0.107143 0.365625
0 0.198661 0.800000 0.107143 0.306250
0 0.071429 0.801562 0.125000 0.309375
