0 0.650000 0.319383 0.079167 0.180617
0 0.731250 0.323789 0.058333 0.118943
0 0.738542 0.110132 0.127083 0.202643
0 0.836458 0.612335 0.160417 0.317181
0 0.832292 0.389868 0.160417 0.321586
0 0.959375 0.319383 0.056250 0.515419
0 0.473958 0.603524 0.068750 0.317181
0 0.070833 0.674009 0.137500 0.132159
0 0.077083 0.515419 0.150000 0.140969
0 0.087500 0.372247 0.170833 0.101322
0 0.101042 0.237885 0.197917 0.140969
0 0.147917 0.077093 0.291667 0.145374
0 0.339583 0.196035 0.091667 0.348018
0 0.445833 0.215859 0.095833 0.361233
0 0.562500 0.220264 0.141667 0.431718
