0 0.419792 0.900000 0.147917 0.167213
0 0.558333 0.540984 0.079167 0.065574
0 0.718750 0.550820 0.083333 0.072131
0 0.393750 0.547541 0.075000 0.065574
0 0.301042 0.547541 0.052083 0.072131
0 0.232292 0.552459 0.072917 0.075410
0 0.460417 0.542623 0.045833 0.081967
0 0.620833 0.545902 0.037500 0.081967
0 0.781250 0.544262 0.045833 0.078689
0 0.909375 0.545902 0.168750 0.154098
0 0.908333 0.896721 0.162500 0.167213
0 0.743750 0.895082 0.154167 0.177049
0 0.584375 0.888525 0.156250 0.170492
0 0.258333 0.890164 0.154167 0.147541
