0 0.824786 0.639062 0.282051 0.134375
0 0.553419 0.885938 0.277778 0.146875
0 0.358974 0.456250 0.260684 0.231250
0 0.362179 0.279687 0.331197 0.028125
0 0.226496 0.210938 0.145299 0.240625
0 0.037393 0.467187 0.070513 0.359375
0 0.075855 0.701562 0.104701 0.284375
0 0.242521 0.646875 0.254274 0.287500
0 0.056624 0.195312 0.108974 0.165625
0 0.373932 0.165625 0.162393 0.231250
0 0.418803 0.228125 0.149573 0.118750
0 0.628205 0.139063 0.256410 0.146875
0 0.704060 0.485938 0.130342 0.259375
0 0.821581 0.384375 0.164530 0.268750
0 0.847222 0.910937 0.279915 0.128125
0 0.615385 0.753125 0.115385 0.181250
0 0.542735 0.556250 0.158120 0.175000
