0 0.762295 0.671875 0.124122 0.262500
0 0.865340 0.550000 0.152225 0.193750
0 0.749415 0.465625 0.098361 0.156250
0 0.560890 0.489063 0.147541 0.259375
0 0.346604 0.746875 0.107728 0.268750
0 0.503513 0.745313 0.201405 0.253125
0 0.210773 0.692187 0.215457 0.128125
0 0.213115 0.589063 0.196721 0.146875
0 0.144028 0.381250 0.166276 0.137500
0 0.223653 0.485938 0.161593 0.103125
0 0.329040 0.390625 0.156909 0.168750
0 0.403981 0.348438 0.105386 0.096875
0 0.587822 0.221875 0.121780 0.137500
0 0.679157 0.259375 0.131148 0.087500
0 0.819672 0.417187 0.074941 0.115625
0 0.666276 0.379688 0.152225 0.103125
0 0.607728 0.293750 0.156909 0.093750
0 0.475410 0.248438 0.131148 0.165625
