0 0.422917 0.348148 0.108333 0.170370
0 0.675000 0.288889 0.104167 0.185185
0 0.770833 0.522222 0.108333 0.177778
0 0.770833 0.681481 0.112500 0.133333
0 0.877083 0.862963 0.095833 0.177778
0 0.517708 0.733333 0.102083 0.170370
0 0.581250 0.874074 0.087500 0.148148
0 0.693750 0.864815 0.079167 0.159259
0 0.297917 0.674074 0.075000 0.148148
0 0.276042 0.835185 0.102083 0.092593
0 0.466667 0.875926 0.108333 0.181481
0 0.275000 0.918519 0.108333 0.074074
0 0.420833 0.505556 0.087500 0.151852
0 0.535417 0.461111 0.083333 0.196296
