0 0.479687 0.398438 0.240625 0.234375
0 0.757812 0.420312 0.184375 0.190625
0 0.178125 0.418750 0.187500 0.193750
0 0.131250 0.548438 0.131250 0.115625
0 0.343750 0.570312 0.118750 0.084375
0 0.370312 0.643750 0.084375 0.075000
0 0.251563 0.695312 0.096875 0.090625
0 0.504687 0.693750 0.084375 0.081250
0 0.500000 0.753125 0.068750 0.068750
0 0.614062 0.565625 0.103125 0.081250
0 0.701562 0.568750 0.078125 0.075000
0 0.784375 0.625000 0.081250 0.100000
0 0.840625 0.568750 0.100000 0.125000
0 0.907813 0.501563 0.128125 0.109375
