0 0.685819 0.826562 0.173594 0.240625
0 0.210269 0.651563 0.171149 0.178125
0 0.196822 0.484375 0.163814 0.162500
0 0.403423 0.393750 0.166259 0.168750
0 0.398533 0.532813 0.176039 0.103125
0 0.616137 0.445312 0.180929 0.184375
0 0.751834 0.382812 0.158924 0.178125
0 0.715159 0.226562 0.144254 0.134375
0 0.611247 0.154688 0.141809 0.121875
0 0.487775 0.229687 0.134474 0.153125
0 0.591687 0.293750 0.141809 0.125000
0 0.149144 0.401562 0.132029 0.159375
0 0.407090 0.679688 0.178484 0.215625
0 0.536675 0.581250 0.173594 0.093750
0 0.295844 0.803125 0.176039 0.187500
0 0.558680 0.723437 0.144254 0.190625
0 0.699267 0.562500 0.141809 0.181250
0 0.828851 0.315625 0.112469 0.162500
0 0.366748 0.253125 0.141809 0.125000
0 0.287286 0.373437 0.144254 0.171875
