0 0.787500 0.539062 0.237500 0.203125
0 0.539062 0.751563 0.240625 0.234375
0 0.442188 0.526563 0.253125 0.221875
0 0.351562 0.362500 0.228125 0.143750
0 0.537500 0.242188 0.218750 0.221875
0 0.331250 0.228125 0.206250 0.156250
0 0.137500 0.535937 0.250000 0.215625
0 0.296875 0.635938 0.212500 0.209375
0 0.646875 0.401562 0.237500 0.178125
0 0.668750 0.618750 0.206250 0.206250
0 0.806250 0.389062 0.212500 0.134375
0 0.793750 0.254688 0.200000 0.165625
0 0.184375 0.376563 0.218750 0.165625
0 0.907813 0.570312 0.165625 0.209375
