0 0.621875 0.364063 0.231250 0.190625
0 0.843750 0.415625 0.200000 0.218750
0 0.682813 0.681250 0.234375 0.218750
0 0.342187 0.653125 0.140625 0.137500
0 0.134375 0.492188 0.243750 0.234375
0 0.096875 0.314063 0.156250 0.153125
0 0.381250 0.290625 0.237500 0.218750
0 0.365625 0.859375 0.200000 0.193750
0 0.601562 0.910937 0.228125 0.178125
0 0.926562 0.721875 0.146875 0.193750
0 0.667188 0.153125 0.171875 0.162500
0 0.531250 0.103125 0.131250 0.100000
0 0.396875 0.139063 0.162500 0.096875
0 0.253125 0.146875 0.106250 0.118750
0 0.140625 0.200000 0.187500 0.118750
0 0.381250 0.485938 0.200000 0.171875
