0 0.608333 0.517021 0.175000 0.225532
0 0.333333 0.540426 0.108333 0.331915
0 0.172917 0.370213 0.200000 0.323404
0 0.081250 0.659574 0.158333 0.331915
0 0.118750 0.900000 0.145833 0.200000
0 0.225000 0.682979 0.120833 0.293617
0 0.422917 0.772340 0.137500 0.242553
0 0.660417 0.746809 0.150000 0.302128
0 0.827083 0.795745 0.141667 0.221277
0 0.862500 0.565957 0.091667 0.314894
0 0.953125 0.536170 0.093750 0.297872
0 0.717708 0.248936 0.081250 0.310638
0 0.582292 0.304255 0.152083 0.302128
0 0.411458 0.157447 0.156250 0.306383
0 0.244792 0.119149 0.147917 0.229787
0 0.278125 0.936170 0.147917 0.127660
0 0.547917 0.874468 0.120833 0.251064
