0 0.443794 0.435937 0.142857 0.178125
0 0.621780 0.432812 0.142857 0.196875
0 0.744731 0.323437 0.154567 0.178125
0 0.722482 0.143750 0.147541 0.193750
0 0.581967 0.192188 0.142857 0.196875
0 0.449649 0.212500 0.149883 0.206250
0 0.345433 0.300000 0.133489 0.156250
0 0.327869 0.578125 0.163934 0.193750
0 0.667447 0.578125 0.149883 0.200000
0 0.919204 0.693750 0.152225 0.212500
0 0.772834 0.942187 0.140515 0.115625
0 0.194379 0.935937 0.126464 0.128125
0 0.124122 0.692187 0.140515 0.178125
0 0.195550 0.576562 0.114754 0.159375
0 0.115925 0.228125 0.156909 0.168750
0 0.046838 0.457813 0.088993 0.190625
0 0.156909 0.456250 0.131148 0.150000
0 0.329040 0.065625 0.138173 0.125000
0 0.483607 0.070312 0.156909 0.134375
0 0.846604 0.165625 0.091335 0.212500
0 0.810304 0.476562 0.084309 0.178125
0 0.906323 0.531250 0.145199 0.125000
0 0.920375 0.410938 0.107728 0.165625
0 0.451991 0.781250 0.112412 0.137500
0 0.350117 0.759375 0.091335 0.181250
0 0.259953 0.818750 0.117096 0.087500
