0 0.577083 0.314626 0.150000 0.241497
0 0.103125 0.578231 0.181250 0.265306
0 0.488542 0.862245 0.152083 0.180272
0 0.656250 0.644558 0.145833 0.241497
0 0.818750 0.688776 0.137500 0.187075
0 0.800000 0.862245 0.154167 0.200680
0 0.702083 0.275510 0.095833 0.238095
0 0.423958 0.195578 0.147917 0.234694
0 0.265625 0.139456 0.143750 0.231293
0 0.066667 0.102041 0.129167 0.197279
0 0.820833 0.115646 0.125000 0.210884
0 0.942708 0.816327 0.110417 0.238095
0 0.647917 0.887755 0.112500 0.224490
0 0.293750 0.862245 0.150000 0.234694
0 0.142708 0.787415 0.147917 0.221088
0 0.253125 0.607143 0.127083 0.214286
