0 0.608787 0.609375 0.142259 0.187500
0 0.850418 0.620313 0.140167 0.178125
0 0.143305 0.615625 0.148536 0.175000
0 0.140167 0.865625 0.133891 0.187500
0 0.376569 0.882812 0.184100 0.171875
0 0.622385 0.870313 0.152720 0.196875
0 0.853556 0.868750 0.133891 0.187500
0 0.375523 0.612500 0.165272 0.193750
0 0.365063 0.348438 0.169456 0.209375
0 0.369247 0.118750 0.140167 0.175000
0 0.139121 0.118750 0.131799 0.156250
0 0.141213 0.360938 0.131799 0.165625
0 0.612971 0.348438 0.138075 0.190625
0 0.616109 0.110937 0.135983 0.184375
0 0.855649 0.128125 0.125523 0.143750
0 0.850418 0.334375 0.123431 0.206250
