0 0.457792 0.443750 0.119048 0.156250
0 0.573593 0.435937 0.116883 0.171875
0 0.630952 0.571875 0.127706 0.131250
0 0.757576 0.542188 0.099567 0.103125
0 0.758658 0.662500 0.101732 0.131250
0 0.852814 0.725000 0.099567 0.118750
0 0.927489 0.637500 0.106061 0.143750
0 0.783550 0.842187 0.099567 0.128125
0 0.712121 0.926562 0.108225 0.146875
0 0.557359 0.834375 0.101732 0.143750
0 0.456710 0.926562 0.108225 0.128125
0 0.345238 0.917188 0.110390 0.115625
0 0.245671 0.846875 0.114719 0.118750
0 0.156926 0.751563 0.106061 0.159375
0 0.064935 0.904687 0.108225 0.171875
0 0.143939 0.495312 0.106061 0.115625
0 0.159091 0.409375 0.101732 0.125000
0 0.214286 0.343750 0.103896 0.156250
0 0.134199 0.232813 0.099567 0.146875
