0 0.455208 0.319703 0.085417 0.126394
0 0.535417 0.366171 0.075000 0.144981
0 0.350000 0.552045 0.066667 0.122677
0 0.197917 0.570632 0.079167 0.130112
0 0.095833 0.347584 0.075000 0.130112
0 0.765625 0.598513 0.085417 0.126394
0 0.897917 0.157993 0.091667 0.167286
0 0.677083 0.174721 0.083333 0.141264
0 0.155208 0.135688 0.072917 0.115242
0 0.236458 0.704461 0.081250 0.130112
0 0.411458 0.749071 0.077083 0.167286
0 0.520833 0.778810 0.066667 0.152416
0 0.665625 0.704461 0.081250 0.130112
0 0.719792 0.853160 0.072917 0.159851
0 0.558333 0.933086 0.083333 0.133829
0 0.342708 0.050186 0.072917 0.092937
0 0.526042 0.048327 0.068750 0.089219
0 0.797917 0.091078 0.083333 0.137546
