0 0.208159 0.276562 0.144351 0.221875
0 0.576360 0.684375 0.131799 0.168750
0 0.860879 0.667188 0.148536 0.196875
0 0.894351 0.334375 0.123431 0.200000
0 0.766736 0.326562 0.140167 0.196875
0 0.320084 0.735938 0.146444 0.228125
0 0.158996 0.743750 0.138075 0.212500
0 0.064854 0.884375 0.125523 0.206250
0 0.145397 0.528125 0.140167 0.200000
0 0.246862 0.465625 0.125523 0.162500
0 0.439331 0.475000 0.117155 0.175000
0 0.564854 0.523438 0.125523 0.165625
0 0.495816 0.164062 0.121339 0.146875
0 0.623431 0.076563 0.087866 0.146875
0 0.741632 0.059375 0.119247 0.112500
0 0.746862 0.782813 0.133891 0.165625
0 0.647490 0.857812 0.110879 0.171875
0 0.538703 0.851562 0.098326 0.190625
0 0.455021 0.662500 0.127615 0.181250
0 0.322176 0.943750 0.125523 0.112500
0 0.065900 0.278125 0.127615 0.200000
