0 0.890746 0.287500 0.156812 0.162500
0 0.865039 0.442188 0.177378 0.178125
0 0.829049 0.689063 0.177378 0.165625
0 0.722365 0.826562 0.169666 0.190625
0 0.616967 0.671875 0.107969 0.168750
0 0.575835 0.804688 0.169666 0.203125
0 0.434447 0.865625 0.169666 0.181250
0 0.338046 0.701562 0.151671 0.153125
0 0.479434 0.621875 0.156812 0.150000
0 0.455013 0.423438 0.164524 0.146875
0 0.672237 0.262500 0.167095 0.181250
0 0.560411 0.087500 0.149100 0.143750
0 0.407455 0.107813 0.146530 0.109375
0 0.249357 0.164062 0.154242 0.128125
0 0.352185 0.303125 0.123393 0.168750
0 0.224936 0.296875 0.120823 0.125000
0 0.109254 0.492188 0.146530 0.121875
0 0.205656 0.634375 0.123393 0.200000
0 0.309769 0.554688 0.146530 0.121875
