0 0.366745 0.564063 0.195755 0.240625
0 0.621462 0.585938 0.176887 0.228125
0 0.884434 0.582812 0.183962 0.234375
0 0.113208 0.562500 0.193396 0.243750
0 0.099057 0.850000 0.193396 0.268750
0 0.360849 0.835938 0.202830 0.253125
0 0.632075 0.850000 0.198113 0.256250
0 0.902123 0.860938 0.195755 0.253125
0 0.877358 0.350000 0.169811 0.212500
0 0.636792 0.335938 0.188679 0.221875
0 0.380896 0.321875 0.200472 0.218750
0 0.125000 0.315625 0.193396 0.206250
0 0.150943 0.104688 0.183962 0.203125
0 0.399764 0.107813 0.176887 0.209375
0 0.629717 0.115625 0.179245 0.225000
0 0.859670 0.117188 0.176887 0.228125
