0 0.182692 0.451562 0.101648 0.115625
0 0.326923 0.443750 0.098901 0.112500
0 0.424451 0.446875 0.101648 0.125000
0 0.578297 0.398438 0.074176 0.084375
0 0.668956 0.401562 0.079670 0.078125
0 0.804945 0.462500 0.087912 0.112500
0 0.917582 0.443750 0.098901 0.125000
0 0.332418 0.767188 0.082418 0.146875
0 0.420330 0.775000 0.082418 0.125000
0 0.189560 0.782813 0.082418 0.115625
0 0.087912 0.765625 0.109890 0.150000
0 0.081044 0.457813 0.096154 0.134375
0 0.168956 0.123438 0.107143 0.128125
0 0.087912 0.121875 0.093407 0.118750
0 0.325549 0.142187 0.096154 0.128125
0 0.427198 0.131250 0.107143 0.131250
0 0.557692 0.156250 0.082418 0.093750
0 0.623626 0.070312 0.082418 0.096875
0 0.675824 0.160938 0.093407 0.071875
0 0.820055 0.104688 0.118132 0.096875
0 0.898352 0.154688 0.137363 0.078125
