0 0.564583 0.272917 0.091667 0.120833
0 0.655208 0.341667 0.072917 0.141667
0 0.730208 0.316667 0.089583 0.166667
0 0.805208 0.435417 0.081250 0.154167
0 0.885417 0.397917 0.087500 0.129167
0 0.754167 0.704167 0.100000 0.133333
0 0.322917 0.854167 0.104167 0.191667
0 0.242708 0.914583 0.097917 0.170833
0 0.148958 0.904167 0.089583 0.191667
0 0.037500 0.700000 0.070833 0.183333
0 0.135417 0.716667 0.050000 0.183333
0 0.195833 0.752083 0.091667 0.137500
0 0.589583 0.904167 0.091667 0.150000
0 0.667708 0.818750 0.097917 0.154167
0 0.860417 0.937500 0.100000 0.125000
0 0.883333 0.829167 0.091667 0.150000
0 0.865625 0.583333 0.085417 0.175000
0 0.951042 0.516667 0.043750 0.175000
0 0.953125 0.364583 0.047917 0.137500
0 0.826042 0.275000 0.077083 0.133333
0 0.902083 0.302083 0.075000 0.120833
0 0.845833 0.114583 0.075000 0.129167
0 0.801042 0.152083 0.064583 0.129167
0 0.500000 0.641667 0.091667 0.133333
0 0.483333 0.758333 0.075000 0.108333
0 0.451042 0.825000 0.089583 0.141667
0 0.407292 0.931250 0.089583 0.137500
0 0.207292 0.558333 0.072917 0.125000
0 0.276042 0.600000 0.085417 0.100000
0 0.289583 0.464583 0.083333 0.112500
0 0.364583 0.414583 0.083333 0.120833
0 0.442708 0.466667 0.085417 0.150000
0 0.436458 0.620833 0.052083 0.133333
0 0.388542 0.725000 0.089583 0.166667
0 0.221875 0.347917 0.077083 0.145833
0 0.303125 0.329167 0.085417 0.158333
0 0.102083 0.195833 0.083333 0.150000
0 0.037500 0.283333 0.070833 0.091667
0 0.085417 0.350000 0.079167 0.116667
0 0.155208 0.314583 0.056250 0.087500
0 0.221875 0.222917 0.081250 0.112500
0 0.250000 0.135417 0.075000 0.112500
0 0.328125 0.102083 0.072917 0.104167
0 0.404167 0.087500 0.079167 0.100000
0 0.459375 0.135417 0.085417 0.129167
0 0.417708 0.283333 0.081250 0.158333
0 0.491667 0.325000 0.070833 0.108333
0 0.718750 0.585417 0.087500 0.145833
0 0.788542 0.575000 0.060417 0.133333
0 0.801042 0.435417 0.077083 0.129167
0 0.415625 0.279167 0.077083 0.150000
