0 0.070833 0.348148 0.137500 0.288889
0 0.220833 0.405556 0.158333 0.366667
0 0.386458 0.485185 0.172917 0.422222
0 0.565625 0.570370 0.189583 0.400000
0 0.768750 0.672222 0.220833 0.433333
0 0.939583 0.755556 0.120833 0.474074
0 0.926042 0.409259 0.139583 0.255556
0 0.802083 0.355556 0.116667 0.207407
0 0.694792 0.311111 0.110417 0.192593
0 0.601042 0.268519 0.081250 0.144444
0 0.529167 0.233333 0.062500 0.125926
0 0.465625 0.209259 0.060417 0.114815
0 0.411458 0.187037 0.052083 0.100000
0 0.363542 0.166667 0.039583 0.081481
0 0.323958 0.150000 0.039583 0.062963
0 0.284375 0.135185 0.035417 0.062963
0 0.252083 0.118519 0.033333 0.051852
0 0.220833 0.100000 0.029167 0.051852
0 0.191667 0.090741 0.029167 0.055556
