0 0.230208 0.393750 0.143750 0.200000
0 0.159375 0.875000 0.164583 0.212500
0 0.292708 0.921875 0.110417 0.156250
0 0.061458 0.759375 0.118750 0.218750
0 0.320833 0.710938 0.079167 0.146875
0 0.400000 0.768750 0.087500 0.137500
0 0.492708 0.845313 0.097917 0.159375
0 0.585417 0.901563 0.083333 0.134375
0 0.611458 0.765625 0.081250 0.143750
0 0.684375 0.829688 0.068750 0.103125
0 0.588542 0.481250 0.068750 0.106250
0 0.548958 0.290625 0.097917 0.150000
0 0.669792 0.171875 0.185417 0.337500
0 0.863542 0.114062 0.197917 0.221875
0 0.921875 0.470313 0.106250 0.153125
