0 0.733264 0.484375 0.110879 0.156250
0 0.550209 0.860938 0.117155 0.178125
0 0.780335 0.695312 0.129707 0.165625
0 0.063808 0.282813 0.123431 0.171875
0 0.076360 0.453125 0.094142 0.168750
0 0.070084 0.718750 0.115063 0.150000
0 0.188285 0.740625 0.092050 0.168750
0 0.319038 0.662500 0.094142 0.137500
0 0.416318 0.700000 0.100418 0.137500
0 0.518828 0.689063 0.100418 0.146875
0 0.537657 0.545312 0.087866 0.146875
0 0.630753 0.465625 0.094142 0.131250
0 0.803347 0.298438 0.104603 0.153125
0 0.832636 0.451562 0.104603 0.153125
0 0.945607 0.496875 0.108787 0.181250
0 0.940377 0.296875 0.106695 0.162500
0 0.946653 0.131250 0.106695 0.150000
0 0.861925 0.065625 0.083682 0.125000
0 0.847280 0.185938 0.104603 0.121875
0 0.540795 0.195312 0.102510 0.128125
0 0.434100 0.243750 0.085774 0.143750
0 0.339958 0.303125 0.102510 0.137500
0 0.173640 0.325000 0.104603 0.143750
0 0.178870 0.200000 0.110879 0.118750
0 0.234310 0.103125 0.117155 0.143750
0 0.352510 0.146875 0.098326 0.150000
0 0.448745 0.543750 0.089958 0.143750
0 0.696653 0.865625 0.104603 0.150000
0 0.921548 0.701562 0.135983 0.134375
0 0.894351 0.948438 0.115063 0.103125
0 0.785565 0.976562 0.119247 0.046875
0 0.164226 0.585938 0.094142 0.134375
0 0.122385 0.884375 0.106695 0.150000
0 0.275105 0.225000 0.069038 0.106250
0 0.735356 0.196875 0.094142 0.131250
0 0.627615 0.601562 0.108787 0.121875
